(100,500)(129,500)
(129,500)(144,525)
(144,525)(159,500)
(159,500)(188,500)
(188,500)(203,525)
(203,525)(188,551)
(188,551)(218,551)
(218,551)(233,576)
(233,576)(248,551)
(248,551)(277,551)
(277,551)(262,525)
(262,525)(277,500)
(277,500)(307,500)
(307,500)(322,525)
(322,525)(337,500)
(337,500)(366,500)
(366,500)(381,525)
(381,525)(366,551)
(366,551)(396,551)
(396,551)(411,576)
(411,576)(396,602)
(396,602)(366,602)
(366,602)(381,628)
(381,628)(366,653)
(366,653)(396,653)
(396,653)(411,679)
(411,679)(425,653)
(425,653)(455,653)
(455,653)(470,679)
(470,679)(455,705)
(455,705)(485,705)
(485,705)(500,730)
(500,730)(514,705)
(514,705)(544,705)
(544,705)(529,679)
(529,679)(544,653)
(544,653)(574,653)
(574,653)(588,679)
(588,679)(603,653)
(603,653)(633,653)
(633,653)(618,628)
(618,628)(633,602)
(633,602)(603,602)
(603,602)(588,576)
(588,576)(603,551)
(603,551)(633,551)
(633,551)(618,525)
(618,525)(633,500)
(633,500)(662,500)
(662,500)(677,525)
(677,525)(692,500)
(692,500)(722,500)
(722,500)(737,525)
(737,525)(722,551)
(722,551)(751,551)
(751,551)(766,576)
(766,576)(781,551)
(781,551)(811,551)
(811,551)(796,525)
(796,525)(811,500)
(811,500)(840,500)
(840,500)(855,525)
(855,525)(870,500)
(870,500)(900,500)
